<svg version="1.1" xmlns="http://www.w3.org/2000/svg" width="200" height="200">
  <path
    d="M0 0 C9.08891945 8.75961077 13.35157252 19.38015059 13.62109375 31.83203125 C12.95627556 35.15612222 11.75224872 36.20547001 9.125 38.3125 C6.40411377 38.79351807 6.40411377 38.79351807 3.25488281 38.76660156 C2.07396057 38.76629944 0.89303833 38.76599731 -0.32366943 38.76568604 C-1.59357727 38.74504089 -2.86348511 38.72439575 -4.171875 38.703125 C-5.47578186 38.69746521 -6.77968872 38.69180542 -8.12310791 38.68597412 C-11.58232523 38.67073338 -15.04086606 38.63146662 -18.49981689 38.5871582 C-22.03233693 38.54617087 -25.56496674 38.52795582 -29.09765625 38.5078125 C-36.02371462 38.46496968 -42.9493248 38.39673815 -49.875 38.3125 C-49.24666266 39.60607626 -48.61409682 40.8975992 -47.97973633 42.18823242 C-47.62792801 42.90766525 -47.27611969 43.62709808 -46.91365051 44.36833191 C-43.87105794 50.06352131 -37.87455466 53.48212739 -31.875 55.3125 C-25.2745456 56.08024268 -20.94661985 55.01099771 -14.875 52.3125 C-10.93631189 51.66473844 -7.85198166 51.70188646 -4.375 53.875 C-2.26493161 57.30386114 -2.25008477 59.35470351 -2.875 63.3125 C-6.46151876 68.40304276 -11.06399877 69.866679 -16.875 71.3125 C-20.15876154 71.74718881 -23.37750767 71.83784549 -26.6875 71.8125 C-27.56188721 71.80677979 -28.43627441 71.80105957 -29.3371582 71.79516602 C-40.58718633 71.48610503 -49.84715407 67.2286264 -57.875 59.3125 C-65.83035455 49.91557113 -68.79103256 39.34043154 -68.2578125 27.18359375 C-67.22567517 16.74636825 -62.34122972 7.19774301 -54.625 0.0625 C-38.53536805 -12.66775824 -16.04636973 -13.23356702 0 0 Z M-46.375 15.25 C-48.76685725 18.63614675 -49.47415517 21.10996551 -50.875 25.3125 C-35.035 25.3125 -19.195 25.3125 -2.875 25.3125 C-6.4342264 15.8212296 -9.0112313 11.37849667 -18.06640625 7.234375 C-28.63191786 3.76641848 -39.40921367 6.48387758 -46.375 15.25 Z "
    fill="#FFFFFF"
    transform="scale(0.80, 0.80) translate(214.875,20.6875)"
  />
  <path
    d="M0 0 C8.11076011 7.85817588 12.32090139 18.46883046 12.6953125 29.75 C12.16574292 41.48594531 8.56630028 50.36111097 0.6953125 59 C-9.62818668 68.26467875 -19.46928475 71.2881999 -33.171875 70.66796875 C-43.10755387 69.8553473 -51.69687933 65.13476214 -58.7421875 58.1875 C-66.69754205 48.79057113 -69.65822006 38.21543154 -69.125 26.05859375 C-68.00526855 14.7355951 -62.61204358 5.19782444 -53.9921875 -2.125 C-37.3697066 -14.67309837 -15.64775282 -13.34228454 0 0 Z M-43.7421875 11.1875 C-49.57767597 16.94912153 -52.6615147 21.62082658 -53.1796875 29.9375 C-53.00468386 36.78323043 -50.41177392 42.2757132 -45.8046875 47.30078125 C-39.4053797 53.1546935 -34.30050897 54.61955964 -25.671875 54.4296875 C-18.24005131 53.81532341 -12.51421969 49.71519022 -7.7421875 44.1875 C-4.49512439 38.60291526 -2.56036799 32.63268063 -3.7421875 26.1875 C-5.6565526 19.01712658 -8.78821715 13.68744811 -14.7421875 9.1875 C-24.63160528 3.88959762 -34.94954675 3.92401416 -43.7421875 11.1875 Z "
    fill="#FFFFFF"
    transform="scale(0.80, 0.80) translate(302.7421875,21.8125)"
  />
  <path
    d="M0 0 C2.98464793 2.98464793 4.28681604 4.56664704 4.75 8.8125 C4.375 12.375 4.375 12.375 2.6875 14.75 C0.03789173 16.61188689 -1.38213747 17.29778899 -4.625 17.375 C-7.48285789 16.20587632 -10.00236164 14.80061689 -12.55078125 13.05859375 C-19.0980368 8.85733836 -24.95837188 8.34631319 -32.625 9.375 C-38.83970799 11.09568462 -43.19752865 14.9889736 -46.625 20.375 C-49.834755 26.67736566 -50.23835014 32.52378709 -48.625 39.375 C-46.18776506 46.56107416 -42.03047678 50.43855242 -35.4375 54.1875 C-28.24180904 56.42878079 -22.07144297 56.4274741 -15.25 53.0625 C-12.6950292 51.6502248 -10.33364645 50.17173008 -7.9375 48.5 C-4.5016072 46.82848458 -2.23972759 47.370909 1.375 48.375 C3.95019085 50.61790816 4.31802792 51.92871869 4.75 55.3125 C4.19160201 59.87275029 2.51674546 62.46778505 -1.078125 65.32421875 C-2.00109375 65.89785156 -2.9240625 66.47148438 -3.875 67.0625 C-4.78765625 67.64386719 -5.7003125 68.22523437 -6.640625 68.82421875 C-16.26612786 73.82595257 -28.77055812 74.04572359 -39.21484375 71.5 C-50.7777951 66.97601389 -58.29413124 59.86134408 -63.87890625 48.91796875 C-67.96458465 39.42268132 -68.27255814 28.24142417 -65 18.4375 C-60.29037043 7.45385341 -53.62575648 -0.66586796 -42.5625 -5.5 C-28.50689571 -10.82117522 -12.0670675 -9.618677 0 0 Z "
    fill="#FFFFFF"
    transform="scale(0.80, 0.80) translate(78.625,19.625)"
  />
  <path
    d="M0 0 C1.56471233 3.12942465 1.69701958 6.61082223 1 10 C-1.06031859 12.72135757 -2.31549726 13.84142019 -5.6640625 14.6171875 C-6.64117187 14.70226562 -7.61828125 14.78734375 -8.625 14.875 C-16.0415961 15.93322164 -21.79364182 18.46103205 -26.8828125 24.078125 C-34.60416648 34.7462759 -33.35946412 47.74857799 -33.45629883 60.31445312 C-33.47788536 62.66572432 -33.5172617 65.01619285 -33.55859375 67.3671875 C-33.55870956 68.08905243 -33.55882538 68.81091736 -33.5589447 69.55465698 C-33.65758587 74.52008004 -33.65758587 74.52008004 -35.39282227 76.95214844 C-37.51982979 78.33891986 -38.97366432 78.40026336 -41.5 78.375 C-42.66015625 78.38660156 -42.66015625 78.38660156 -43.84375 78.3984375 C-46.53507776 77.90112694 -47.38034029 77.18259022 -49 75 C-50.86444696 69.52573438 -50.18594506 63.40479755 -50.18530273 57.68554688 C-50.18746487 55.53494739 -50.2055674 53.38488216 -50.22460938 51.234375 C-50.29425129 34.5994599 -48.24001138 21.67615661 -36.44921875 9.26171875 C-27.8706855 1.33991532 -11.30766013 -6.91159356 0 0 Z "
    fill="#FFFFFF"
    transform="scale(0.80, 0.80) translate(142,13)"
  />
</svg>
